1000 1 0.92
-52 30 524
-61 0 950
98 76 953
73 26 575
-51 -97 977
-46 -95 483
19 35 525
40 -42 932
21 -84 919
29 63 756
-51 27 723
99 77 603
-25 -54 751
-60 9 929
-62 5 992
-46 37 843
-42 45 706
-99 -80 958
18 32 567
24 -79 414
91 60 992
-17 -39 907
-48 32 941
-51 -99 680
-49 30 734
35 65 850
52 -24 610
44 -40 990
14 -100 584
-48 35 795
-65 -22 978
-81 -54 682
13 28 987
94 40 741
97 86 665
-35 -69 527
-17 92 739
13 27 472
43 87 847
88 39 501
-38 -76 529
-57 3 404
-83 -52 951
36 72 859
20 40 990
28 -75 644
-26 -49 763
-18 -33 769
-38 -73 525
-99 -85 981
18 -88 670
-3 -8 702
-42 -82 652
-50 19 664
-52 23 675
4 10 668
61 -11 896
-55 28 786
32 77 810
31 -80 517
69 25 848
-37 -70 497
-25 -62 434
48 -23 824
-78 -10 623
39 -57 678
50 -19 747
57 -5 981
90 38 911
-45 -87 859
-47 -83 639
-47 42 447
-68 -27 823
12 23 770
27 -66 588
79 3 426
71 19 777
95 35 610
32 78 568
-81 -62 956
32 -53 484
24 -69 702
46 -41 883
-86 80 689
78 0 732
84 52 768
-7 -5 733
-12 -31 696
-24 -39 577
-48 -87 926
-9 -25 940
-35 48 822
83 -94 448
-84 -57 833
34 77 765
1 11 856
26 61 985
32 73 473
59 -4 569
-82 91 953
94 35 562
71 17 463
-35 47 598
34 76 517
53 98 725
47 -53 687
-78 98 851
-99 60 978
97 -60 860
-28 -61 583
41 89 636
93 -69 555
83 63 896
71 23 650
-16 -22 993
-56 7 879
2 14 907
53 96 776
-91 74 468
-36 -83 748
-23 68 585
77 2 468
-28 -35 513
-12 -3 885
-44 62 478
84 -88 987
24 -90 674
40 -58 925
-86 -49 688
-79 -7 519
40 69 862
58 97 442
-88 83 949
-60 -100 529
91 45 752
64 27 801
80 59 470
-15 -10 427
-48 49 873
96 -61 984
-94 -34 400
-82 -58 536
26 -91 476
24 -95 945
-95 64 639
-35 -83 974
-14 -13 951
-50 12 789
92 -70 615
90 -74 617
16 55 854
-93 -29 612
63 -18 452
-16 -10 408
95 -77 731
51 -11 930
44 78 906
46 74 443
-97 50 772
73 54 507
-37 -89 691
33 83 959
58 -26 921
95 25 769
71 41 926
-24 -64 887
-52 5 548
-35 39 466
49 -1 603
4 24 857
-95 -28 549
59 -21 708
62 -31 683
-93 72 874
-20 68 829
82 2 605
-11 -7 418
-97 -97 455
-86 93 974
-96 73 744
93 -77 828
-44 55 647
97 99 885
65 35 928
-23 -64 777
-10 -2 648
-91 -22 766
15 12 846
43 -55 626
27 -87 623
-83 82 458
-28 -43 609
-28 86 627
99 -50 922
-95 73 866
69 41 450
-46 -72 626
-47 -66 893
-19 67 487
-73 -52 932
-88 -14 876
-65 -36 483
27 42 512
3 -97 812
95 -76 485
67 36 421
98 -50 864
-81 -13 610
-89 91 474
21 -79 724
-96 -20 637
-87 -2 878
60 -29 858
-94 80 760
-83 78 943
-11 -13 440
-38 -83 630
-26 -43 993
-47 56 514
91 -94 602
6 21 781
-100 47 921
-91 93 616
-49 59 443
84 7 710
87 1 887
97 -43 861
11 -77 427
16 56 749
-39 -87 840
-31 -39 612
-63 38 670
90 -94 740
15 5 955
42 -16 961
86 -67 716
91 31 741
81 11 516
72 57 847
-62 -98 634
-30 99 505
-66 -44 866
41 72 973
21 48 466
8 -73 861
-53 48 634
92 -88 457
85 2 782
-23 -9 753
-12 78 489
-89 -27 472
58 81 818
-88 67 798
-5 -46 546
91 -91 984
9 54 427
5 46 989
56 84 509
5 -85 736
13 -69 948
-86 70 837
-11 74 945
83 -76 400
69 32 430
73 56 669
-56 -73 838
-5 -47 995
-8 80 693
-5 86 999
-81 -21 470
-86 -31 592
-98 33 999
89 -81 459
-17 -8 638
-51 57 664
-31 -28 615
-4 91 435
87 -77 510
61 -39 555
33 -31 542
11 -75 866
97 -34 602
82 16 817
88 4 712
-56 50 904
-52 58 802
-96 -9 893
15 63 707
-99 37 532
89 5 963
-61 -90 781
-58 33 916
-73 -40 637
62 -47 954
-91 84 891
84 30 524
93 -92 752
90 -86 511
49 -50 918
-54 -74 489
-39 29 891
-10 67 996
94 -91 819
-89 -2 924
29 24 486
5 -91 817
25 -99 920
90 4 607
-26 -31 612
67 -98 932
95 -90 720
47 -16 546
60 -42 954
-84 -21 517
51 75 533
45 -12 987
33 -20 627
83 -67 608
90 7 988
-30 -24 816
-20 -12 666
-3 83 555
87 -75 952
10 56 798
51 -49 882
73 32 518
84 26 400
-39 -99 427
-52 -73 824
-2 84 419
-58 36 941
38 99 882
-92 -11 889
63 -42 414
70 49 475
-26 -30 949
-51 -76 441
38 -25 576
-71 -50 750
28 22 874
60 -45 694
82 24 450
-22 -3 733
-35 16 887
-61 44 531
-69 -55 928
16 9 983
7 -92 569
-68 95 686
88 15 707
-55 39 441
77 -67 443
-94 -6 502
13 -81 479
48 -43 699
-77 64 964
65 60 425
-53 -67 524
-64 52 884
66 -94 403
8 -92 724
-72 -55 975
-90 -11 758
49 73 471
41 -26 840
4 -68 937
-67 91 503
74 -75 545
66 61 940
79 -65 703
31 20 738
-91 -14 826
-70 84 884
81 26 894
84 16 999
77 34 701
-10 90 950
68 -88 512
-73 -43 553
55 -40 420
48 -42 894
39 -8 771
-95 97 864
-2 -56 799
71 -83 858
-88 -22 413
13 46 425
24 4 827
-64 48 941
-53 -95 429
-4 72 887
63 73 465
60 79 425
53 93 799
17 21 581
79 -77 596
-8 -58 872
-47 17 916
27 0 948
4 -69 891
0 54 741
-23 -29 656
-40 2 768
-59 -69 596
-55 -93 666
-6 70 687
-11 88 671
-51 40 872
-7 64 667
-4 74 678
-41 28 681
-35 8 502
74 -72 409
16 17 960
39 -4 963
-17 99 948
-13 -42 915
-19 -22 409
-43 23 891
-52 37 810
-78 74 801
-65 -72 576
31 14 809
7 -77 865
38 -15 597
-9 -35 530
73 84 518
-72 -79 896
31 13 974
57 -50 914
33 -2 746
35 -6 538
56 -52 992
-17 -20 989
-55 -96 417
-38 11 695
-52 39 932
63 76 685
17 16 986
-63 -65 906
-32 -3 748
-1 -61 804
15 35 681
11 43 818
-67 81 724
-79 -95 578
-48 25 755
-31 -2 895
-7 75 804
79 93 541
76 91 714
1 62 410
6 -75 799
23 18 669
40 -23 572
5 -77 936
-99 16 441
-27 -11 842
-11 82 779
-22 -21 824
-29 -7 648
77 88 558
70 78 411
-72 69 523
-97 -14 517
3 56 537
12 -93 403
13 -95 978
-97 10 855
-79 86 888
-56 -87 838
-61 60 670
-9 84 460
69 -66 670
65 78 936
51 95 684
15 -92 661
38 -10 444
-100 15 911
-59 -78 699
-20 -32 872
-8 -56 446
-29 3 821
84 -97 750
99 -15 732
73 93 916
9 -41 601
6 -55 948
-60 -77 632
66 74 820
19 -30 500
12 35 904
19 29 626
58 79 667
-99 11 602
-15 37 563
-59 77 901
12 -33 835
-78 84 475
-55 -41 434
-9 -85 902
-60 78 931
-23 20 863
19 -32 478
28 -2 837
-37 -14 678
-9 47 736
69 65 880
4 76 469
24 -15 712
-55 82 960
-47 98 996
65 -80 671
76 82 461
-13 -95 766
-20 -97 580
41 21 922
-67 71 874
-74 81 561
54 43 804
37 13 906
63 -66 662
-21 21 786
-20 27 737
24 -13 685
-97 2 932
-68 68 452
58 -73 849
-68 71 661
34 5 500
17 -32 996
26 -10 442
0 -62 700
67 -71 790
64 -65 517
70 91 457
-23 31 791
-14 41 734
-64 77 600
54 44 832
-80 -74 449
35 6 584
12 -43 459
76 78 553
79 -96 843
90 98 402
-42 -17 680
-51 86 567
-59 70 647
-3 54 958
20 -28 686
-74 85 997
-99 -21 645
62 63 986
26 -8 781
-25 1 817
-2 51 873
-61 -60 845
-62 75 496
-15 45 521
20 -25 963
-65 70 760
-73 -66 674
58 -69 490
4 -57 699
-26 2 978
96 16 956
-62 -55 707
47 19 998
62 49 506
-77 93 527
-69 77 851
-70 -89 899
66 87 439
-66 70 719
22 -27 873
15 -41 802
77 -96 775
68 -78 884
64 82 569
-52 -41 507
-10 36 629
-96 -99 462
-77 -69 460
56 63 831
50 43 818
1 -54 462
79 -37 717
76 69 865
-16 43 712
-89 10 717
-88 20 928
59 56 944
61 -79 543
68 84 709
-59 64 843
-98 -29 803
-40 -8 869
-32 21 747
10 92 849
-69 -88 891
2 76 666
35 14 568
-53 66 529
-36 -13 998
-33 -11 793
81 -28 588
77 -36 775
-67 -93 825
56 59 402
59 -94 642
53 -66 484
30 -24 901
-84 25 441
-18 11 692
83 -25 636
74 77 510
21 96 848
-100 -32 404
49 40 505
-87 18 837
-36 -19 955
-34 -23 678
-82 31 964
7 91 976
10 65 535
68 -53 934
76 67 824
-45 -14 531
-11 -66 654
-28 -100 662
-4 41 614
72 -45 866
38 24 727
-20 8 759
-58 92 594
-19 10 958
93 96 917
-12 -65 780
-23 2 537
45 13 762
14 75 678
63 -82 761
-69 59 984
-31 17 992
73 -33 813
60 -85 808
-67 -98 624
1 84 554
3 -43 979
-55 64 734
-31 16 494
7 -36 827
3 87 783
4 89 720
8 -62 481
-4 -88 882
-58 81 604
91 -7 506
79 -47 738
63 -93 401
28 -27 557
-74 34 749
-71 60 698
66 98 683
-40 -29 753
-61 90 824
77 -44 997
-94 -91 773
-100 -39 866
16 -4 400
-89 7 872
-51 69 764
90 85 574
80 65 483
-45 -12 525
78 -43 544
6 94 851
-94 -92 894
38 30 527
96 32 900
-12 -75 600
88 80 942
-51 -57 815
-62 -39 582
-2 34 972
-58 82 916
-87 -79 885
-65 -99 926
31 99 913
-90 7 732
-59 83 536
-51 -58 938
-50 69 808
51 -65 591
31 -25 520
18 -3 927
21 -13 609
-75 32 935
-2 36 604
-53 -55 671
85 72 926
-17 6 598
-85 3 842
30 99 620
-47 -4 947
78 -55 575
-16 -66 957
-44 -10 565
21 -15 819
-64 -39 747
-3 -93 476
-14 62 460
-66 43 904
-95 21 894
39 23 802
59 47 452
9 -56 811
7 -44 490
4 -46 769
-39 87 785
-7 23 829
67 -47 477
-70 34 473
38 -87 405
-96 22 741
-94 18 710
64 -42 436
-5 18 885
-48 68 771
-13 2 787
86 -6 732
38 23 952
53 49 647
8 75 976
4 83 741
17 -58 999
-38 -18 580
-36 95 662
66 -43 433
74 -59 924
39 20 799
33 24 734
53 48 850
3 -31 541
-36 94 698
-46 66 445
41 -76 429
-29 -94 999
-50 -8 627
-33 95 842
-31 35 699
91 -27 754
-81 -76 679
61 30 464
2 96 908
-79 48 874
85 -8 585
-31 34 955
-25 -87 480
-41 78 705
87 -4 886
89 -32 936
31 89 809
43 49 908
-21 -80 937
93 79 682
-40 -42 757
92 -27 652
-100 -52 640
33 36 459
26 82 493
2 -25 516
-66 32 747
-91 22 661
-31 -93 827
36 41 750
25 83 456
53 11 546
86 91 611
-60 -24 607
-26 -84 798
43 54 862
8 -3 430
45 -73 516
-83 4 482
-55 -15 496
33 33 619
-83 -85 586
12 -12 465
22 -64 482
87 95 815
92 -31 585
65 -37 757
88 -23 796
89 -21 722
25 80 835
27 -39 605
8 -1 922
-30 42 571
-62 -23 496
-37 -37 930
-6 26 778
-99 -55 699
6 -30 562
26 -38 927
-69 45 504
-41 71 876
-92 -70 545
-86 -90 683
45 54 865
53 6 707
21 70 859
30 -43 804
-99 96 931
-23 -67 686
-49 -15 863
-13 14 757
32 -88 797
12 -16 989
-94 33 543
96 -91 543
-45 77 827
-38 95 737
86 81 662
-8 27 608
74 -15 509
76 -3 695
86 -55 707
20 -61 748
63 16 568
-100 -60 869
-90 -80 737
7 -27 531
-87 54 878
-91 46 417
-92 44 837
98 56 868
10 -2 726
-81 -95 485
0 -22 824
44 -78 949
80 -57 868
95 -39 813
95 65 459
67 -31 550
90 -45 865
15 -21 555
46 -87 541
-35 78 430
-36 76 493
70 -22 778
25 89 493
5 97 910
-37 65 522
96 57 941
-62 -18 961
62 22 875
-78 -100 874
33 40 830
-73 14 909
-44 -35 739
85 -54 539
37 -68 784
20 -34 739
84 83 744
-26 -72 477
41 38 419
-94 -66 755
23 -33 737
-87 48 667
-73 12 485
71 -20 988
-46 84 827
84 82 434
-12 -97 496
-35 74 606
50 19 758
44 47 843
-17 -88 612
-54 -30 992
-20 43 451
-3 9 990
25 68 998
68 -28 421
-35 -53 936
-32 50 900
-7 0 472
87 -62 418
38 -66 480
3 -12 636
23 -36 872
-99 85 423
-29 59 636
-35 -54 941
-48 -48 509
-9 -98 463
-61 -10 569
-4 5 586
-14 25 436
20 88 960
46 -95 579
-17 -83 671
-14 24 493
-2 0 689
-30 56 951
-1 2 977
22 95 877
9 -18 738
-65 23 769
38 62 886
45 -91 542
-68 16 901
25 64 617
35 -71 509
-75 2 824
-97 86 619
-45 -37 805
-26 50 680
-53 -21 784
-43 84 955
-6 10 943
77 -14 669
7 -16 989
42 41 491
-88 59 717
66 -17 673
47 34 547
-52 -25 503
-67 15 983
-94 49 948
54 19 434
32 63 607
25 77 854
45 37 476
24 -56 541
-42 -46 497
-31 -68 657
-29 -72 693
-29 61 586
90 -63 693
-70 0 707
33 -71 428
40 46 506
43 40 408
-92 60 403
-28 -79 815
-5 12 790
84 -36 518
99 -78 999
69 -2 903
31 71 816
-96 55 860
65 -11 640
-91 60 891
-89 56 533
-51 -31 919
45 33 487
-59 -16 416
64 -15 488
28 66 519
31 68 774
-89 62 663
-81 -37 985
-72 3 902
-71 -10 828
-83 40 738
-87 32 586
96 -78 853
95 57 872
-81 35 655
-68 -2 760
70 -16 628
-95 61 682
82 -37 981
-95 -62 528
-91 -55 401
-93 63 531
-81 39 736
-75 -24 634
-100 64 890
81 32 937
-74 23 581
95 -59 487
-67 -10 900
64 12 870
-81 36 617
-66 -13 576
99 -68 962
95 -60 919
-36 61 442
-57 11 731
93 53 483
18 -95 997
-23 86 751
-64 4 877
-48 36 577
-70 -3 942
-91 -61 726
41 -43 590