100 1.5 0.9
51 -82 668
-61 71 796
-40 95 821
72 -35 995
17 -51 808
-17 -78 946
-83 -79 549
-45 11 841
-36 21 689
79 -92 538
54 -40 601
-30 -88 663
-99 -80 658
-27 10 644
-74 15 907
-73 -19 503
-45 72 439
3 -30 446
-16 14 854
-7 -70 881
50 -12 579
93 0 475
20 94 485
34 -34 504
25 16 593
3 -37 812
92 82 822
35 20 451
38 97 444
70 -56 842
-97 -86 581
0 -36 914
97 -23 978
-97 -77 901
64 -50 520
46 -28 462
-58 -4 429
-65 0 489
39 98 418
20 -93 482
97 92 524
78 77 595
29 -27 649
95 65 971
-86 -23 556
-52 24 438
-59 58 971
25 -100 943
-86 91 726
-81 -96 773
-91 -76 531
7 -75 807
30 90 550
26 82 801
-30 -49 972
42 39 937
33 49 975
86 -43 651
-50 -61 980
-4 -36 888
79 68 607
-13 -5 737
8 52 776
30 13 924
-53 48 410
29 -71 555
16 4 868
-55 7 606
-26 -4 555
-90 75 717
73 -3 639
11 28 504
-94 25 569
-99 32 531
51 -50 925
-98 5 672
-100 -65 635
-43 -42 899
-7 -73 463
-17 -67 583
90 10 507
13 50 525
18 97 828
55 13 976
-15 50 767
-60 -100 667
70 10 914
-83 -46 749
71 -100 480
-72 -91 595
91 0 673
66 33 406
27 84 972
66 -58 940
86 -60 810
12 73 775
-38 -93 758
-39 -23 432
38 -97 479
-95 -26 756